x
-1 1
1 -13250.89171 -16.74099
2 -13540.88498 -16.88103
3 -12540.13505 -16.99073
4 -12637.74068 -17.00448
5 -13321.04496 -17.16875
6 -12679.88845 -17.29035
7 -13895.04259 -17.71453
8 -13656.33399 -17.76806
9 -13976.19161 -17.10629
10 -12928.48672 -17.68843
11 -13372.45046 -17.8431
12 -12654.88318 -17.83379
13 -13628.1511 -17.68912
14 -13908.48247 -17.67316
15 -14118.70646 -17.67928
16 -14066.6691 -17.9369
17 -12786.62933 -18.06357
18 -14672.49049 -17.69412
19 -12892.25547 -18.25909
20 -14386.96989 -17.91917
21 -13644.00195 -18.27356
22 -14622.28249 -18.38932
23 -13127.77556 -18.64895
24 -13320.60168 -18.75864
25 -12597.92238 -18.85636
26 -12860.79612 -19.18712
27 -14173.91893 -18.8234
28 -12836.3827 -18.40284
29 -15291.87837 -18.41879
30 -13115.02549 -19.0176
31 -14130.64946 -18.59946
32 -13317.46804 -19.25611
33 -14232.87281 -18.51819
34 -13036.34364 -19.03354
35 -13423.68228 -19.01201
36 -14261.88386 -18.93481
37 -12795.94862 -19.42585
38 -13360.21364 -19.03739
39 -12822.05 -19.38329
40 -14741.60557 -18.94066
41 -13925.2303 -19.32977
42 -15031.85779 -19.03194
43 -13297.10872 -19.0481
44 -14330.57961 -19.64024
45 -14047.2738 -19.10186
46 -14080.75797 -19.22867
47 -13649.42097 -19.17194
48 -13033.31337 -19.65768
49 -14287.77763 -19.20491
50 -13703.79669 -18.92091
51 -12601.39469 -19.23423
52 -13993.50512 -19.73347
53 -12778.54352 -19.42854
54 -12727.75037 -19.37956
55 -13968.47952 -19.13032
56 -13917.6133 -19.59786
57 -12847.5954 -19.91052
58 -14066.7572 -19.4806
59 -14324.7866 -19.29293
60 -13593.71774 -19.55728
61 -14272.14201 -19.31065
62 -14949.17894 -19.50376
63 -13206.28363 -19.59345
64 -13436.9291 -19.54668
65 -14160.88213 -19.82952
66 -13498.91533 -19.22957
67 -13725.48929 -19.39755
68 -13558.77173 -19.0618
69 -13511.10775 -19.98519
70 -13884.28218 -19.63573
71 -13168.94943 -19.47407
72 -13205.91971 -19.43001
73 -13597.53317 -19.66591
74 -14248.62125 -19.33189
75 -14291.02682 -19.33144
76 -13790.27752 -19.95141
77 -13967.89702 -20.0281
78 -14147.56271 -19.4621
79 -13927.58739 -20.05265
80 -13554.34201 -19.65642
81 -14167.09762 -19.51939
82 -13352.06287 -19.44909
83 -13150.58854 -19.74382
84 -12766.86044 -19.78028
85 -12562.67822 -19.80902
86 -12688.06297 -19.62596
87 -12837.5353 -19.96826
88 -13928.2153 -19.77411
89 -13858.79878 -19.70327
90 -14080.76828 -20.10773
91 -13370.70319 -19.78963
92 -14403.23908 -19.79324
93 -12830.53116 -19.67367
94 -13719.4843 -20.05304
95 -14156.18276 -19.44949
96 -15256.76236 -19.43414
97 -13527.21678 -20.01484
98 -14918.58449 -19.70844
99 -14292.23825 -20.05386
100 -13850.05751 -20.29929
